6358
3129
103
8052
7989
786
3595
5980
258
5472
7502
8866
8140
1060
3046
3100
8644
1969
7234
6624
2323
528
6454
6152
6000
3904
3917
7323
1299
3743
1800
6070
5412
4252
998
890
5746
6557
4935
888
6164
3993
3275
6286
7731
8871
9756
393
928
5219
3855
9281
2517
4706
9958
6440
7254
1223
2504
1676
2051
4938
4135
8556
432
6074
3880
8001
8211
6979
6172
6505
2453
7016
6962
1616
7786
8758
2680
6818
2937
6590
1641
4862
5025
7229
8288
8266
5557
1801
279
1564
6528
1054
2494
4143
7579
8462
8015
3649
5711
9661
8674
7830
8922
3449
6294
109
6268
205
7269
302
9726
2694
4384
5934
9441
4305
7843
6954
3343
4136
5448
4246
2935
9919
2677
1211
3683
74
389
7384
2996
7014
5095
9707
7342
3230
7279
9790
1529
8357
7651
1106
2805
6039
728
3
4203
559
7096
5022
5189
8421
45
7924
2487
4108
7896
6968
4455
4156
6795
3491
6596
3579
8065
4353
1229
7055
8277
3501
6927
736
5894
6494
3976
6463
5498
5329
1701
3199
2590
810
8403
3597
3662
9779
3782
4804
2791
1614
9550
3487
875
6999
266
6759
4623
1986
5262
4587
17
5021
6812
4965
3623
6191
5295
753
3430
4495
4847
9721
6552
558
100
5096
9610
7849
936
1545
2118
7894
135
6724
7528
5425
9712
6686
7848
2762
6296
9651
3309
829
7669
5987
8474
4719
4524
2663
1265
5034
5288
9685
4095
6311
9954
1789
7280
6031
6687
144
8725
4231
6741
7739
4598
2429
457
4996
9161
5011
7396
9433
5646
4737
7947
5538
1351
7169
8380
7363
6981
7818
1324
7160
7753
9189
4959
1964
4048
3204
6755
9330
6085
9977
7141
1760
9497
3967
6437
8860
6386
6146
7903
9391
8145
1222
3126
2532
1072
3307
9967
2265
9063
3516
4536
960
6512
2416
9310
3957
7319
2811
4292
6414
6964
2986
9190
9538
8544
9866
2946
9230
5077
5776
5634
8014
5003
5535
2626
4077
1704
8918
6516
9997
52
838
8913
8278
8129
3050
1968
4970
1826
1446
7737
5114
3558
7332
2681
9234
2234
2349
5736
7041
2277
9344
2019
6102
9612
1929
3776
4852
9100
4016
5492
822
9134
2655
1111
7537
7000
8726
8691
8459
9237
8493
2516
6126
4471
8943
5194
6517
2317
9319
8352
5156
4843
3421
4223
5444
9763
2379
8046
1016
5300
8472
764
9728
2934
1745
4953
7212
2013
6398
320
7369
631
783
6283
4416
3810
1673
9757
1829
1941
9835
8718
336
8137
4329
9463
68
4481
6571
3717
8812
6448
2012
7970
2168
9515
8993
9
8942
5914
2137
4709
7075
6498
9020
4753
2036
667
975
5408
3560
2730
7242
3772
162
9376
2799
3195
8652
4038
9768
8210
2490
5715
5353
9791
7117
2931
2672
744
7625
4123
4717
1802
1508
756
6238
9614
9951
8829
9521
7285
6620
4279
4651
4994
3617
6135
7541
2034
411
4727
8805
5508
4121
7290
8353
341
897
6982
3108
351
2849
887
6554
5963
1204
787
8079
3225
4237
3378
1682
4546
4937
4991
1304
1853
6563
6492
6188
4832
3666
5325
3989
4604
7956
7752
9041
6279
4783
4799
4259
9226
4113
6204
2408
7421
4927
5404
5193
1186
809
9479
8921
5165
1091
5630
9449
9727
8194
4566
3381
3150
1984
4611
8837
2513
8255
7387
4900
1158
4327
9564
2865
4668
6603
7572
4950
6580
376
7573
92
8766
6445
8404
1921
8185
4472
708
2064
5376
5208
7905
6273
4436
5586
8562
6216
8420
9617
2637
6980
9197
6912
4680
5190
6541
4297
8303
1939
8743
4116
3040
4057
1168
4464
7496
4209
1195
2459
1153
4002
3276
9558
21
1042
5910
2958
8089
9364
1372
116
842
5410
5510
9821
6173
5828
6163
2372
1355
8839
2635
8503
3332
7751
1495
2634
6478
7379
6803
6809
4368
7278
3488
8806
8745
1932
6481
8510
3317
3453
8470
2627
7056
1498
4776
9811
747
4142
3686
5337
7385
2735
8332
2579
8173
2792
4215
29
720
5469
3946
8098
9090
9428
492
4897
1121
7636
3822
3292
6335
3521
5310
8883
108
5097
9801
6504
9906
5405
6275
7630
3060
1752
4759
1617
9823
8218
7797
5808
1773
607
2322
1528
9219
2428
1271
4225
8419
8589
9926
9411
8450
4435
7386
1796
8934
439
4151
3014
2911
3616
5046
2272
9778
2977
7665
2010
6400
6601
4584
7164
3901
2690
5047
73
9013
5769
3557
1486
852
6208
1553
6508
2461
6840
521
3242
7084
3512
3650
8776
7451
3520
7653
8928
6290
2557
3807
2358
3016
5581
4840
3788
1833
7317
1021
3039
7634
8013
2945
6997
9975
2587
9714
490
2425
324
7240
1369
454
8507
1280
6094
7138
5993
9809
9046
7320
7626
6676
3308
9754
508
1786
4816
7050
3586
5326
5988
1237
5653
9250
8516
1945
2398
1750
7118
3900
37
7100
1977
9334
6715
4325
5420
304
2534
3495
2973
5785
6711
9893
2817
5884
6234
8225
3351
2231
5245
7477
5120
8753
8384
9946
6239
742
3966
1783
5685
6904
159
8686
9404
1061
4293
816
3718
3218
5333
94
9740
6919
9359
8195
9878
8501
6262
7594
9066
6030
4670
7728
2622
3341
8536
9115
7556
4716
9964
5128
2992
6521
7742
4278
4845
5499
5203
9157
3979
4060
3741
6638
6690
5684
4729
506
7200
7959
5367
2929
7044
1066
907
2582
3801
8251
4501
4287
8040
3342
9412
2364
5001
8587
3746
4025
8417
8430
8429
2072
2887
4812
5423
9205
8549
4789
7416
8748
8263
314
7462
4785
7607
4348
5010
3570
680
527
1579
6184
2734
4772
8581
4976
8622
6623
4199
8789
8825
1102
9832
6770
7372
3284
9692
3916
7720
2785
6599
28
7499
9127
1353
5689
1549
7826
2830
3096
4309
447
7183
4153
7805
5939
8141
7711
8610
3752
5575
845
9792
9909
3891
78
4144
2995
8377
1069
8611
2099
4270
4779
9322
4019
614
7246
2546
9389
2365
9678
343
4369
1332
6808
9164
129
7509
